{
  "accessors": [
    {
      "bufferView": 2,
      "componentType": 5126,
      "count": 65532,
      "max": [
        10.974081039428711,
        -0.36675465106964111,
        9.466517448425293
      ],
      "min": [
        -11.244633674621582,
        -17.588457107543945,
        -4.201286792755127
      ],
      "type": "VEC3"
    },
    {
      "bufferView": 2,
      "byteOffset": 786384,
      "componentType": 5126,
      "count": 65532,
      "max": [
        0.99998432397842407,
        0.99995160102844238,
        0.99998146295547485
      ],
      "min": [
        -0.99999886751174927,
        -0.9999542236328125,
        -0.99998563528060913
      ],
      "type": "VEC3"
    },
    {
      "bufferView": 3,
      "componentType": 5126,
      "count": 65532,
      "max": [
        1,
        1,
        0.99642479419708252,
        1
      ],
      "min": [
        -0.99999994039535522,
        -1,
        -0.99989664554595947,
        -1
      ],
      "type": "VEC4"
    },
    {
      "bufferView": 1,
      "componentType": 5126,
      "count": 65532,
      "max": [
        0.99853515625,
        0.99827373027801514
      ],
      "min": [
        0.00146484375,
        0.0014796257019042969
      ],
      "type": "VEC2"
    },
    {
      "bufferView": 1,
      "byteOffset": 524256,
      "componentType": 5126,
      "count": 65532,
      "max": [
        0.99853515625,
        0.99827373027801514
      ],
      "min": [
        0.00146484375,
        0.0014796257019042969
      ],
      "type": "VEC2"
    },
    {
      "bufferView": 0,
      "componentType": 5125,
      "count": 355386,
      "max": [
        65531
      ],
      "min": [
        0
      ],
      "type": "SCALAR"
    },
    {
      "bufferView": 2,
      "byteOffset": 1572768,
      "componentType": 5126,
      "count": 65532,
      "max": [
        12.652820587158203,
        -0.50501322746276855,
        9.717860221862793
      ],
      "min": [
        -12.926857948303223,
        -17.612798690795898,
        -3.5755302906036377
      ],
      "type": "VEC3"
    },
    {
      "bufferView": 2,
      "byteOffset": 2359152,
      "componentType": 5126,
      "count": 65532,
      "max": [
        0.99999648332595825,
        0.99999940395355225,
        0.99998146295547485
      ],
      "min": [
        -0.99962747097015381,
        -0.99998968839645386,
        -0.99985116720199585
      ],
      "type": "VEC3"
    },
    {
      "bufferView": 3,
      "byteOffset": 1048512,
      "componentType": 5126,
      "count": 65532,
      "max": [
        0.99999982118606567,
        1,
        0.99993962049484253,
        1
      ],
      "min": [
        -1,
        -1,
        -0.99187207221984863,
        -1
      ],
      "type": "VEC4"
    },
    {
      "bufferView": 1,
      "byteOffset": 1048512,
      "componentType": 5126,
      "count": 65532,
      "max": [
        0.99853515625,
        0.99802714586257935
      ],
      "min": [
        0.00146484375,
        0.0014796257019042969
      ],
      "type": "VEC2"
    },
    {
      "bufferView": 1,
      "byteOffset": 1572768,
      "componentType": 5126,
      "count": 65532,
      "max": [
        0.99853515625,
        0.99802714586257935
      ],
      "min": [
        0.00146484375,
        0.0014796257019042969
      ],
      "type": "VEC2"
    },
    {
      "bufferView": 0,
      "byteOffset": 1421544,
      "componentType": 5125,
      "count": 347586,
      "max": [
        65531
      ],
      "min": [
        0
      ],
      "type": "SCALAR"
    },
    {
      "bufferView": 2,
      "byteOffset": 3145536,
      "componentType": 5126,
      "count": 65532,
      "max": [
        4.7745394706726074,
        -0.46230515837669373,
        9.717860221862793
      ],
      "min": [
        -12.926857948303223,
        -17.609291076660156,
        -2.1592257022857666
      ],
      "type": "VEC3"
    },
    {
      "bufferView": 2,
      "byteOffset": 3931920,
      "componentType": 5126,
      "count": 65532,
      "max": [
        0.99994146823883057,
        0.9999992847442627,
        0.99999982118606567
      ],
      "min": [
        -0.99991381168365479,
        -0.99995386600494385,
        -0.9983445405960083
      ],
      "type": "VEC3"
    },
    {
      "bufferView": 3,
      "byteOffset": 2097024,
      "componentType": 5126,
      "count": 65532,
      "max": [
        1,
        1,
        0.99694067239761353,
        1
      ],
      "min": [
        -1,
        -1,
        -0.99993032217025757,
        -1
      ],
      "type": "VEC4"
    },
    {
      "bufferView": 1,
      "byteOffset": 2097024,
      "componentType": 5126,
      "count": 65532,
      "max": [
        0.99853515625,
        0.9985203742980957
      ],
      "min": [
        0.00146484375,
        0.0014796257019042969
      ],
      "type": "VEC2"
    },
    {
      "bufferView": 1,
      "byteOffset": 2621280,
      "componentType": 5126,
      "count": 65532,
      "max": [
        0.99853515625,
        0.9985203742980957
      ],
      "min": [
        0.00146484375,
        0.0014796257019042969
      ],
      "type": "VEC2"
    },
    {
      "bufferView": 0,
      "byteOffset": 2811888,
      "componentType": 5125,
      "count": 323229,
      "max": [
        65531
      ],
      "min": [
        0
      ],
      "type": "SCALAR"
    },
    {
      "bufferView": 2,
      "byteOffset": 4718304,
      "componentType": 5126,
      "count": 65532,
      "max": [
        4.189821720123291,
        16.466064453125,
        2.9188311100006104
      ],
      "min": [
        -4.6333155632019043,
        -7.3455615043640137,
        -5.5593981742858887
      ],
      "type": "VEC3"
    },
    {
      "bufferView": 2,
      "byteOffset": 5504688,
      "componentType": 5126,
      "count": 65532,
      "max": [
        0.99999308586120605,
        0.99994266033172607,
        0.9999842643737793
      ],
      "min": [
        -0.99995571374893188,
        -0.9957658052444458,
        -0.99999153614044189
      ],
      "type": "VEC3"
    },
    {
      "bufferView": 3,
      "byteOffset": 3145536,
      "componentType": 5126,
      "count": 65532,
      "max": [
        0.99999994039535522,
        1,
        0.99994540214538574,
        1
      ],
      "min": [
        -1,
        -1,
        -0.99959057569503784,
        -1
      ],
      "type": "VEC4"
    },
    {
      "bufferView": 1,
      "byteOffset": 3145536,
      "componentType": 5126,
      "count": 65532,
      "max": [
        0.99853515625,
        0.9985203742980957
      ],
      "min": [
        0.00146484375,
        0.027866840362548828
      ],
      "type": "VEC2"
    },
    {
      "bufferView": 1,
      "byteOffset": 3669792,
      "componentType": 5126,
      "count": 65532,
      "max": [
        0.99853515625,
        0.9985203742980957
      ],
      "min": [
        0.00146484375,
        0.027866840362548828
      ],
      "type": "VEC2"
    },
    {
      "bufferView": 0,
      "byteOffset": 4104804,
      "componentType": 5125,
      "count": 327021,
      "max": [
        65531
      ],
      "min": [
        0
      ],
      "type": "SCALAR"
    },
    {
      "bufferView": 2,
      "byteOffset": 6291072,
      "componentType": 5126,
      "count": 30225,
      "max": [
        12.652820587158203,
        12.784615516662598,
        5.287116527557373
      ],
      "min": [
        -6.942711353302002,
        -15.026104927062988,
        -4.0944962501525879
      ],
      "type": "VEC3"
    },
    {
      "bufferView": 2,
      "byteOffset": 6653772,
      "componentType": 5126,
      "count": 30225,
      "max": [
        0.9999922513961792,
        0.99995380640029907,
        0.9999011754989624
      ],
      "min": [
        -0.99999052286148071,
        -0.97677427530288696,
        -0.99951893091201782
      ],
      "type": "VEC3"
    },
    {
      "bufferView": 3,
      "byteOffset": 4194048,
      "componentType": 5126,
      "count": 30225,
      "max": [
        0.9999992847442627,
        1,
        0.99982631206512451,
        1
      ],
      "min": [
        -0.99999994039535522,
        -1,
        -0.99981147050857544,
        -1
      ],
      "type": "VEC4"
    },
    {
      "bufferView": 1,
      "byteOffset": 4194048,
      "componentType": 5126,
      "count": 30225,
      "max": [
        0.99853515625,
        0.9985203742980957
      ],
      "min": [
        0.00146484375,
        0.0014796257019042969
      ],
      "type": "VEC2"
    },
    {
      "bufferView": 1,
      "byteOffset": 4435848,
      "componentType": 5126,
      "count": 30225,
      "max": [
        0.99853515625,
        0.9985203742980957
      ],
      "min": [
        0.00146484375,
        0.0014796257019042969
      ],
      "type": "VEC2"
    },
    {
      "bufferView": 0,
      "byteOffset": 5412888,
      "componentType": 5125,
      "count": 146781,
      "max": [
        30224
      ],
      "min": [
        0
      ],
      "type": "SCALAR"
    }
  ],
  "asset": {
    "extras": {
      "author": "Addere Creations (https://sketchfab.com/adderecreations)",
      "license": "CC-BY-4.0 (http://creativecommons.org/licenses/by/4.0/)",
      "source": "https://sketchfab.com/3d-models/buddha-idol-c3a6d95e6cca43ec9052b5529d811dbb",
      "title": "Buddha Idol"
    },
    "generator": "Sketchfab-8.7.0",
    "version": "2.0"
  },
  "bufferViews": [
    {
      "buffer": 0,
      "byteLength": 6000012,
      "byteOffset": 0,
      "name": "floatBufferViews",
      "target": 34963
    },
    {
      "buffer": 0,
      "byteLength": 4677648,
      "byteOffset": 6000012,
      "byteStride": 8,
      "name": "floatBufferViews",
      "target": 34962
    },
    {
      "buffer": 0,
      "byteLength": 7016472,
      "byteOffset": 10677660,
      "byteStride": 12,
      "name": "floatBufferViews",
      "target": 34962
    },
    {
      "buffer": 0,
      "byteLength": 4677648,
      "byteOffset": 17694132,
      "byteStride": 16,
      "name": "floatBufferViews",
      "target": 34962
    }
  ],
  "buffers": [
    {
      "byteLength": 22371780,
      "uri": "scene.bin"
    }
  ],
  "images": [
    {
      "uri": "textures/Material_0_baseColor.jpeg"
    },
    {
      "uri": "textures/Material_0_normal.png"
    }
  ],
  "materials": [
    {
      "doubleSided": true,
      "emissiveFactor": [
        0,
        0,
        0
      ],
      "name": "Material_0",
      "normalTexture": {
        "index": 1,
        "scale": 1,
        "texCoord": 1
      },
      "pbrMetallicRoughness": {
        "baseColorFactor": [
          1,
          1,
          1,
          1
        ],
        "baseColorTexture": {
          "index": 0,
          "texCoord": 0
        },
        "metallicFactor": 0,
        "roughnessFactor": 0.59999999999999998
      }
    }
  ],
  "meshes": [
    {
      "name": "mainMeshNode_Material_0_0",
      "primitives": [
        {
          "attributes": {
            "NORMAL": 1,
            "POSITION": 0,
            "TANGENT": 2,
            "TEXCOORD_0": 3,
            "TEXCOORD_1": 4
          },
          "indices": 5,
          "material": 0,
          "mode": 4
        }
      ]
    },
    {
      "name": "mainMeshNode_Material_0_0",
      "primitives": [
        {
          "attributes": {
            "NORMAL": 7,
            "POSITION": 6,
            "TANGENT": 8,
            "TEXCOORD_0": 9,
            "TEXCOORD_1": 10
          },
          "indices": 11,
          "material": 0,
          "mode": 4
        }
      ]
    },
    {
      "name": "mainMeshNode_Material_0_0",
      "primitives": [
        {
          "attributes": {
            "NORMAL": 13,
            "POSITION": 12,
            "TANGENT": 14,
            "TEXCOORD_0": 15,
            "TEXCOORD_1": 16
          },
          "indices": 17,
          "material": 0,
          "mode": 4
        }
      ]
    },
    {
      "name": "mainMeshNode_Material_0_0",
      "primitives": [
        {
          "attributes": {
            "NORMAL": 19,
            "POSITION": 18,
            "TANGENT": 20,
            "TEXCOORD_0": 21,
            "TEXCOORD_1": 22
          },
          "indices": 23,
          "material": 0,
          "mode": 4
        }
      ]
    },
    {
      "name": "mainMeshNode_Material_0_0",
      "primitives": [
        {
          "attributes": {
            "NORMAL": 25,
            "POSITION": 24,
            "TANGENT": 26,
            "TEXCOORD_0": 27,
            "TEXCOORD_1": 28
          },
          "indices": 29,
          "material": 0,
          "mode": 4
        }
      ]
    }
  ],
  "nodes": [
    {
      "children": [
        1
      ],
      "name": "RootNode (gltf orientation matrix)",
      "rotation": [
        -0.70710678118654746,
        -0,
        -0,
        0.70710678118654757
      ]
    },
    {
      "children": [
        2
      ],
      "matrix": [
        1,
        -1.6081226229577292e-16,
        1.6081226229577292e-16,
        0,
        1.6081226229577292e-16,
        2.2204460492503131e-16,
        -1,
        0,
        1.6081226229577292e-16,
        1,
        2.2204460492503131e-16,
        0,
        2.4980018054066022e-16,
        2.6525318622589111,
        -1.5059216022491455,
        1
      ],
      "name": "RootNode (model correction matrix)"
    },
    {
      "children": [
        3
      ],
      "matrix": [
        1,
        0,
        0,
        0,
        0,
        -1,
        0,
        0,
        0,
        0,
        -1,
        0,
        0,
        0,
        0,
        1
      ],
      "name": "150f0f4cb79f457f81456a8ac80dbffc.fbx"
    },
    {
      "children": [
        4,
        6,
        8,
        10,
        12,
        14,
        16,
        18,
        20,
        22,
        24,
        26,
        28,
        30,
        32,
        34,
        36,
        38,
        40,
        42,
        44,
        46,
        48,
        50,
        52,
        54,
        56,
        58,
        60,
        62,
        64,
        66,
        68,
        70,
        72,
        74,
        76,
        78,
        80,
        82,
        84,
        86,
        88,
        90,
        92,
        94,
        96,
        98,
        100,
        102,
        104,
        106,
        108,
        110,
        112,
        114,
        116,
        118,
        120,
        122,
        124
      ],
      "name": "RootNode"
    },
    {
      "children": [
        5
      ],
      "matrix": [
        -0.0030324456366002117,
        -0.20461436072328326,
        -0.97883796803110545,
        0,
        0.99972476499448581,
        0.022151259983361649,
        -0.0077276088067306792,
        0,
        0.023263674047351302,
        -0.97859199111118422,
        0.20449087119689935,
        0,
        -0.044628210365772247,
        3.1348764896392822,
        32.104156494140625,
        1
      ],
      "name": "_20191129_171002"
    },
    {
      "name": ""
    },
    {
      "children": [
        7
      ],
      "matrix": [
        0.31005862181951849,
        -0.21884677353203019,
        -0.92518632758488228,
        0,
        0.94930595854362532,
        0.018258559304498156,
        0.31382291516983407,
        0,
        -0.051786563015414622,
        -0.97558839411236564,
        0.21341376985636629,
        0,
        -10.930288314819336,
        3.1449751853942871,
        31.911430358886719,
        1
      ],
      "name": "_20191129_171015"
    },
    {
      "name": ""
    },
    {
      "children": [
        9
      ],
      "matrix": [
        0.58893228189992919,
        -0.23591067832301699,
        -0.77298442363951692,
        0,
        0.7960747462822102,
        0.004398282313928692,
        0.60518233074372019,
        0,
        -0.13936917043541946,
        -0.97176478993934567,
        0.190392823830842,
        0,
        -21.834413528442383,
        3.1273314952850342,
        27.825435638427734,
        1
      ],
      "name": "_20191129_171024"
    },
    {
      "name": ""
    },
    {
      "children": [
        11
      ],
      "matrix": [
        0.72354642069747821,
        -0.23500477843183645,
        -0.64904031555063768,
        0,
        0.67023610298153657,
        0.014263405094047776,
        0.74201086348869993,
        0,
        -0.16511857362511032,
        -0.97188955616846018,
        0.16782892258094995,
        0,
        -26.936338424682617,
        3.2568345069885254,
        22.567535400390625,
        1
      ],
      "name": "_20191129_171033"
    },
    {
      "name": ""
    },
    {
      "children": [
        13
      ],
      "matrix": [
        0.86572973069454739,
        -0.20091425811276034,
        -0.45841628928141903,
        0,
        0.47115913219634675,
        0.018098889896627668,
        0.88186251895207313,
        0,
        -0.16888192780618067,
        -0.97944162208449626,
        0.11033133457435873,
        0,
        -32.143337249755859,
        3.2995223999023438,
        16.269681930541992,
        1
      ],
      "name": "_20191129_171045"
    },
    {
      "name": ""
    },
    {
      "children": [
        15
      ],
      "matrix": [
        0.96183525626021893,
        -0.21419145951204641,
        -0.17027906062384313,
        0,
        0.18067759095048827,
        0.029797079317101405,
        0.98309091247579861,
        0,
        -0.20549585870077064,
        -0.97633711019108038,
        0.067359478327575828,
        0,
        -34.171146392822266,
        3.2761495113372803,
        6.0249009132385254,
        1
      ],
      "name": "_20191129_171058"
    },
    {
      "name": ""
    },
    {
      "children": [
        17
      ],
      "matrix": [
        0.9733875830487827,
        -0.19628838173950172,
        0.11826869560681227,
        0,
        -0.11329924117175058,
        0.036396492515627155,
        0.99289404131682935,
        0,
        -0.19919813030336073,
        -0.97987048456755133,
        0.013188569179322984,
        0,
        -34.679256439208984,
        3.3291678428649902,
        -2.9118354320526123,
        1
      ],
      "name": "_20191129_171110"
    },
    {
      "name": ""
    },
    {
      "children": [
        19
      ],
      "matrix": [
        0.9021570830727963,
        -0.19820223332576048,
        0.3831820352864479,
        0,
        -0.37901856629115926,
        0.060089303218447077,
        0.92343608443969505,
        0,
        -0.20605223577573217,
        -0.97831750998507749,
        -0.020912335795404413,
        0,
        -34.560646057128906,
        3.5790989398956299,
        -11.936925888061523,
        1
      ],
      "name": "_20191129_171118"
    },
    {
      "name": ""
    },
    {
      "children": [
        21
      ],
      "matrix": [
        0.80374893341791231,
        -0.21123240068142293,
        0.55620906584838326,
        0,
        -0.55987348004474746,
        0.047802102172661454,
        0.82719806900793591,
        0,
        -0.20131899655062871,
        -0.97626627101945762,
        -0.079842530631303976,
        0,
        -32.482585906982422,
        3.5657777786254883,
        -19.253541946411133,
        1
      ],
      "name": "_20191129_171129"
    },
    {
      "name": ""
    },
    {
      "children": [
        23
      ],
      "matrix": [
        0.67134097740009324,
        -0.16826110423197893,
        0.72179601887660949,
        0,
        -0.72726542934269078,
        0.038059471482420504,
        0.68530027864686494,
        0,
        -0.14278055661216332,
        -0.98500745044548488,
        -0.096819601426606283,
        0,
        -27.431201934814453,
        3.80108642578125,
        -25.257942199707031,
        1
      ],
      "name": "_20191129_171140"
    },
    {
      "name": ""
    },
    {
      "children": [
        25
      ],
      "matrix": [
        0.46730789720271282,
        -0.17319456344538176,
        0.86696422786926008,
        0,
        -0.87610679859658624,
        0.040803617151087934,
        0.48038728363709637,
        0,
        -0.1185757423119056,
        -0.98404202553567344,
        -0.13266908198532734,
        0,
        -18.326969146728516,
        3.5939197540283203,
        -28.982517242431641,
        1
      ],
      "name": "_20191129_171200"
    },
    {
      "name": ""
    },
    {
      "children": [
        27
      ],
      "matrix": [
        0.23648513009050709,
        -0.15278345264232501,
        0.95954781008804702,
        0,
        -0.96918399525855636,
        0.033010666341230177,
        0.24411611835839697,
        0,
        -0.068972216005713183,
        -0.9877082122299069,
        -0.1402687453172049,
        0,
        -9.1247043609619141,
        3.7554609775543213,
        -31.078102111816406,
        1
      ],
      "name": "_20191129_171209"
    },
    {
      "name": ""
    },
    {
      "children": [
        29
      ],
      "matrix": [
        0.094223342608958371,
        -0.14697434666964415,
        0.98464232243420569,
        0,
        -0.99484173905608542,
        0.023428896023037327,
        0.09869650988259665,
        0,
        -0.037574937650761808,
        -0.9888627954636442,
        -0.14400866574053239,
        0,
        -4.8035554885864258,
        3.8667192459106445,
        -32.028987884521484,
        1
      ],
      "name": "_20191129_171217"
    },
    {
      "name": ""
    },
    {
      "children": [
        31
      ],
      "matrix": [
        -0.14263561602343566,
        -0.15138367635051775,
        0.97812988072965901,
        0,
        -0.98973380180494031,
        0.030860690278306957,
        -0.13955149357955887,
        0,
        -0.0090599451628760597,
        -0.98799321876728896,
        -0.15423137509436136,
        0,
        3.0799591541290283,
        3.8998923301696777,
        -32.408123016357422,
        1
      ],
      "name": "_20191129_171225"
    },
    {
      "name": ""
    },
    {
      "children": [
        33
      ],
      "matrix": [
        -0.39351465220186665,
        -0.18024926992072282,
        0.9014745804488834,
        0,
        -0.9183140609376923,
        0.031248962022230931,
        -0.39461726756017351,
        0,
        0.042959329447378125,
        -0.983124459600909,
        -0.17782236346380076,
        0,
        12.94391918182373,
        4.1127886772155762,
        -31.693698883056641,
        1
      ],
      "name": "_20191129_171236"
    },
    {
      "name": ""
    },
    {
      "children": [
        35
      ],
      "matrix": [
        -0.58966545970385287,
        -0.19720017428556275,
        0.7832028708412575,
        0,
        -0.80346884159330645,
        0.04471294594039521,
        -0.59366537127749142,
        0,
        0.082051607058937215,
        -0.97934306743197752,
        -0.18480987541787575,
        0,
        19.559045791625977,
        4.0924835205078125,
        -27.258075714111328,
        1
      ],
      "name": "_20191129_171244"
    },
    {
      "name": ""
    },
    {
      "children": [
        37
      ],
      "matrix": [
        -0.77733058257100662,
        -0.19910414493806963,
        0.59675347076351382,
        0,
        -0.61496025571577895,
        0.040559161538691546,
        -0.78751434165052658,
        0,
        0.13259354920132263,
        -0.97913864895823544,
        -0.15396901255264961,
        0,
        25.782569885253906,
        4.1383562088012695,
        -19.351953506469727,
        1
      ],
      "name": "_20191129_171252"
    },
    {
      "name": ""
    },
    {
      "children": [
        39
      ],
      "matrix": [
        -0.89754104303584059,
        -0.21187057430704292,
        0.38669230120205411,
        0,
        -0.40379291830299191,
        0.042667903451831135,
        -0.91385487312996194,
        0,
        0.17711960703007912,
        -0.97636586880012832,
        -0.12384803207028128,
        0,
        30.370632171630859,
        4.3255815505981445,
        -11.958195686340332,
        1
      ],
      "name": "_20191129_171302"
    },
    {
      "name": ""
    },
    {
      "children": [
        41
      ],
      "matrix": [
        -0.97385372039831752,
        -0.20639400625990476,
        0.094923366176834612,
        0,
        -0.10467174042569613,
        0.036811733488302023,
        -0.99382529804480324,
        0,
        0.20162529112839672,
        -0.97777625787169353,
        -0.057452863460550452,
        0,
        33.287979125976562,
        3.8423230648040771,
        -2.8362040519714355,
        1
      ],
      "name": "_20191129_171317"
    },
    {
      "name": ""
    },
    {
      "children": [
        43
      ],
      "matrix": [
        -0.95566177855514622,
        -0.22575406409728171,
        -0.18906524681277412,
        0,
        0.1832884057510144,
        0.046478686101466993,
        -0.98195982201693621,
        0,
        0.23046892485987405,
        -0.97307493764963537,
        -0.0030398013244312683,
        0,
        33.498493194580078,
        3.8316946029663086,
        5.9287371635437012,
        1
      ],
      "name": "_20191129_171330"
    },
    {
      "name": ""
    },
    {
      "children": [
        45
      ],
      "matrix": [
        -0.86584865583235726,
        -0.24500538027239635,
        -0.43620920305614652,
        0,
        0.44037904562210606,
        0.040540968851725867,
        -0.89689616234072855,
        0,
        0.23742872903307854,
        -0.96867372911736482,
        0.072792892150230881,
        0,
        32.4866943359375,
        3.9060707092285156,
        14.632465362548828,
        1
      ],
      "name": "_20191129_171339"
    },
    {
      "name": ""
    },
    {
      "children": [
        47
      ],
      "matrix": [
        -0.74416462966284391,
        -0.25307959179647371,
        -0.61819877399982981,
        0,
        0.6319743691125006,
        0.033065454142244599,
        -0.77428358663168362,
        0,
        0.21639639725193929,
        -0.96688023868444917,
        0.13533367392442841,
        0,
        28.918310165405273,
        4.0430722236633301,
        21.932260513305664,
        1
      ],
      "name": "_20191129_171346"
    },
    {
      "name": ""
    },
    {
      "children": [
        49
      ],
      "matrix": [
        -0.5368198578249963,
        -0.23533255235864969,
        -0.81021171927164459,
        0,
        0.82918699091827042,
        0.030173336039235887,
        -0.558156343584992,
        0,
        0.15579914741953804,
        -0.97144642651698854,
        0.17893704499269658,
        0,
        21.701576232910156,
        3.8842635154724121,
        30.221155166625977,
        1
      ],
      "name": "_20191129_171354"
    },
    {
      "name": ""
    },
    {
      "children": [
        51
      ],
      "matrix": [
        -0.38959808447234989,
        -0.21170669218233384,
        -0.89632226852884256,
        0,
        0.91459881976014601,
        0.025474687866135381,
        -0.40355921395932848,
        0,
        0.10826971630527088,
        -0.97700118565093752,
        0.18370180121010948,
        0,
        14.55288028717041,
        3.7191298007965088,
        31.395450592041016,
        1
      ],
      "name": "_20191129_171401"
    },
    {
      "name": ""
    },
    {
      "children": [
        53
      ],
      "matrix": [
        -0.19195923095221312,
        -0.21266346587439583,
        -0.95808449728326406,
        0,
        0.97909030340036751,
        0.025481220668713722,
        -0.20182389645581844,
        0,
        0.06733373181111818,
        -0.97679320107969747,
        0.20332538180184578,
        0,
        6.0242586135864258,
        3.4658329486846924,
        33.272712707519531,
        1
      ],
      "name": "_20191129_171408"
    },
    {
      "name": ""
    },
    {
      "children": [
        55
      ],
      "matrix": [
        0.033540693350389006,
        -0.20847237086657594,
        -0.97745296177097152,
        0,
        0.99862180241928766,
        0.046492095034382119,
        0.024351197756320775,
        0,
        0.040367284060593311,
        -0.97692259452045793,
        0.20974443185216751,
        0,
        -2.4046182632446289,
        3.46055006980896,
        33.510967254638672,
        1
      ],
      "name": "_20191129_171420"
    },
    {
      "name": ""
    },
    {
      "children": [
        57
      ],
      "matrix": [
        0.020525981557858675,
        -0.87131456775421623,
        -0.49029542941003423,
        0,
        0.99946263147702563,
        0.03041800451443788,
        -0.012214470204592986,
        0,
        0.02555645441186441,
        -0.48978124608915252,
        0.87147071013158628,
        0,
        -0.38192173838615417,
        30.263330459594727,
        18.533292770385742,
        1
      ],
      "name": "_20191129_171725"
    },
    {
      "name": ""
    },
    {
      "children": [
        59
      ],
      "matrix": [
        0.22746423174082209,
        -0.89016765361532491,
        -0.39479307457900592,
        0,
        0.89572377332722342,
        0.032215465673288812,
        0.44344231379954474,
        0,
        -0.38201956124653924,
        -0.45449280767514916,
        0.80467219573970716,
        0,
        -11.028726577758789,
        31.677839279174805,
        16.701566696166992,
        1
      ],
      "name": "_20191129_171734"
    },
    {
      "name": ""
    },
    {
      "children": [
        61
      ],
      "matrix": [
        0.38390336734046315,
        -0.88412549676438279,
        -0.26634622301768551,
        0,
        0.62269376981696412,
        0.03489873130874166,
        0.78168698824029181,
        0,
        -0.68181425152000985,
        -0.46594440067906551,
        0.56393717903684559,
        0,
        -19.928234100341797,
        32.063186645507812,
        11.319499015808105,
        1
      ],
      "name": "_20191129_171742"
    },
    {
      "name": ""
    },
    {
      "children": [
        63
      ],
      "matrix": [
        0.44690561095170644,
        -0.89275088201709796,
        -0.057194733652458252,
        0,
        0.20063561307160499,
        0.03772048709299014,
        0.97893948516792839,
        0,
        -0.87179167561250726,
        -0.44896884915455015,
        0.19597511786340527,
        0,
        -23.36964225769043,
        31.782627105712891,
        1.1951773166656494,
        1
      ],
      "name": "_20191129_171749"
    },
    {
      "name": ""
    },
    {
      "children": [
        65
      ],
      "matrix": [
        0.41639923590336503,
        -0.89330230379682574,
        0.16918235833081824,
        0,
        -0.29845832772853326,
        0.04146546527822581,
        0.9535214951949158,
        0,
        -0.85879817358246702,
        -0.44753950576518259,
        -0.24934732368901602,
        0,
        -23.149084091186523,
        32.399520874023438,
        -10.403247833251953,
        1
      ],
      "name": "_20191129_171756"
    },
    {
      "name": ""
    },
    {
      "children": [
        67
      ],
      "matrix": [
        0.30973438039419066,
        -0.88471246902674427,
        0.34835105963729862,
        0,
        -0.68317534756891107,
        0.047741804053923809,
        0.72869209177798411,
        0,
        -0.66131388770834387,
        -0.46368584978871052,
        -0.5896264704283527,
        0,
        -18.25538444519043,
        31.478071212768555,
        -19.826009750366211,
        1
      ],
      "name": "_20191129_171803"
    },
    {
      "name": ""
    },
    {
      "children": [
        69
      ],
      "matrix": [
        0.17004001918454048,
        -0.88812370398529172,
        0.42699259747115886,
        0,
        -0.89839921212020812,
        0.038335756557392631,
        0.43750340047931258,
        0,
        -0.4049262248083107,
        -0.45800289976005426,
        -0.79137102314519403,
        0,
        -11.354302406311035,
        31.085062026977539,
        -22.93109130859375,
        1
      ],
      "name": "_20191129_171809"
    },
    {
      "name": ""
    },
    {
      "children": [
        71
      ],
      "matrix": [
        0.046159042807658812,
        -0.8895438627943536,
        0.45451189085873323,
        0,
        -0.98960366842444436,
        0.02132214492867901,
        0.14223201319155593,
        0,
        -0.13621278283613195,
        -0.45635192812186159,
        -0.87931166004522909,
        0,
        -4.4620552062988281,
        31.214933395385742,
        -24.904758453369141,
        1
      ],
      "name": "_20191129_171816"
    },
    {
      "name": ""
    },
    {
      "children": [
        73
      ],
      "matrix": [
        -0.10427622327730557,
        -0.9000760843230915,
        0.42307152077235433,
        0,
        -0.97929482324477157,
        0.018706561522530585,
        -0.20157309771394438,
        0,
        0.1735169110634843,
        -0.43533103149857688,
        -0.88339049949010207,
        0,
        4.4965634346008301,
        32.365108489990234,
        -26.54896354675293,
        1
      ],
      "name": "_20191129_171822"
    },
    {
      "name": ""
    },
    {
      "children": [
        75
      ],
      "matrix": [
        -0.26620030851831267,
        -0.90039044626997,
        0.34414305166677328,
        0,
        -0.81799889802221981,
        0.022146435034984258,
        -0.57479330045649912,
        0,
        0.50991685457453673,
        -0.4345187909412036,
        -0.742413780677464,
        0,
        15.337798118591309,
        33.332145690917969,
        -23.774059295654297,
        1
      ],
      "name": "_20191129_171828"
    },
    {
      "name": ""
    },
    {
      "children": [
        77
      ],
      "matrix": [
        -0.3663192419636363,
        -0.8993822710719106,
        0.23858278112369999,
        0,
        -0.58195600775407708,
        0.021379553963754461,
        -0.81293918573977453,
        0,
        0.7260422976701314,
        -0.43663994910434306,
        -0.53123265791932761,
        0,
        22.724208831787109,
        34.730625152587891,
        -17.328855514526367,
        1
      ],
      "name": "_20191129_171836"
    },
    {
      "name": ""
    },
    {
      "children": [
        79
      ],
      "matrix": [
        -0.40574391763631423,
        -0.911877776674899,
        0.062054763778284838,
        0,
        -0.21247443854899262,
        0.028071078443419828,
        -0.97676334263644105,
        0,
        0.88894684107905242,
        -0.40950083633793249,
        -0.20514038796421219,
        0,
        24.040246963500977,
        35.459884643554688,
        -5.8873634338378906,
        1
      ],
      "name": "_20191129_171841"
    },
    {
      "name": ""
    },
    {
      "children": [
        81
      ],
      "matrix": [
        -0.38023260805066528,
        -0.9195723560402409,
        -0.099044665588761849,
        0,
        0.21116404397351385,
        0.017946925032926275,
        -0.97728586115558569,
        0,
        0.90046260905589026,
        -0.39251062391795594,
        0.18735661131594972,
        0,
        23.534423828125,
        34.566585540771484,
        3.574981689453125,
        1
      ],
      "name": "_20191129_171848"
    },
    {
      "name": ""
    },
    {
      "children": [
        83
      ],
      "matrix": [
        -0.31917105118505429,
        -0.92279182782622859,
        -0.21583577688269306,
        0,
        0.50186162491106656,
        0.028614060200976343,
        -0.86447449065917437,
        0,
        0.80390593325777338,
        -0.38423492560664374,
        0.45398102649450611,
        0,
        19.845064163208008,
        35.751213073730469,
        11.321042060852051,
        1
      ],
      "name": "_20191129_171856"
    },
    {
      "name": ""
    },
    {
      "children": [
        85
      ],
      "matrix": [
        -0.21323929526554997,
        -0.92827417707844051,
        -0.30469009685907994,
        0,
        0.78348858874991356,
        0.023836072304880496,
        -0.62094884890443702,
        0,
        0.5836733969038852,
        -0.37113190893053166,
        0.72220943771198343,
        0,
        13.781750679016113,
        35.154434204101562,
        16.271556854248047,
        1
      ],
      "name": "_20191129_171901"
    },
    {
      "name": ""
    },
    {
      "children": [
        87
      ],
      "matrix": [
        -0.12507400403030045,
        -0.92196804045990921,
        -0.36651251804862461,
        0,
        0.93699457750006998,
        0.011685436951478612,
        -0.3491484101334536,
        0,
        0.32618653444201784,
        -0.38708963165366234,
        0.86241751015093515,
        0,
        7.9368185997009277,
        37.802677154541016,
        19.490100860595703,
        1
      ],
      "name": "_20191129_171907"
    },
    {
      "name": ""
    },
    {
      "children": [
        89
      ],
      "matrix": [
        -0.00066539623069461484,
        -0.93153674028922873,
        -0.36364661244011931,
        0,
        0.99845457245524805,
        0.019588964836011469,
        -0.052007107205279152,
        0,
        0.055569991821702414,
        -0.36311922828180232,
        0.93008408332847214,
        0,
        -0.10629452764987946,
        34.043624877929688,
        17.198640823364258,
        1
      ],
      "name": "_20191129_171914"
    },
    {
      "name": ""
    },
    {
      "children": [
        91
      ],
      "matrix": [
        -0.093998340861848328,
        0.010302033036963976,
        -0.99551905056132683,
        0,
        0.99555647686635595,
        0.0066199374982771619,
        -0.093933368921636451,
        0,
        0.005622569223156515,
        -0.99992501946037171,
        -0.0108785188562881,
        0,
        0.74697846174240112,
        2.063751220703125,
        18.170562744140625,
        1
      ],
      "name": "_20191129_172304"
    },
    {
      "name": ""
    },
    {
      "children": [
        93
      ],
      "matrix": [
        0.46233886761155696,
        0.035286298717702058,
        -0.88600093037110772,
        0,
        0.8865076919101037,
        0.0025932372797123904,
        0.46270658878454701,
        0,
        0.01862481355299872,
        -0.999373880108549,
        -0.030082620844930297,
        0,
        -10.254134178161621,
        1.9666478633880615,
        14.92360782623291,
        1
      ],
      "name": "_20191129_172320"
    },
    {
      "name": ""
    },
    {
      "children": [
        95
      ],
      "matrix": [
        0.78045448734873801,
        0.016652795678342935,
        -0.6249907819906737,
        0,
        0.62508910959631114,
        -0.00091629893672950935,
        0.7805528588509234,
        0,
        0.012425708885587194,
        -0.99986091272354183,
        -0.011124610839787996,
        0,
        -16.256996154785156,
        1.9503575563430786,
        10.610067367553711,
        1
      ],
      "name": "_20191129_172334"
    },
    {
      "name": ""
    },
    {
      "children": [
        97
      ],
      "matrix": [
        0.97343958924642393,
        0.057639840958562324,
        -0.22156943566752413,
        0,
        0.22218246995612428,
        -0.0043729256611986234,
        0.97499529617601621,
        0,
        0.055229667135964111,
        -0.99832786511017169,
        -0.017063341191493997,
        0,
        -19.284700393676758,
        1.9678447246551514,
        1.583469033241272,
        1
      ],
      "name": "_20191129_172346"
    },
    {
      "name": ""
    },
    {
      "children": [
        99
      ],
      "matrix": [
        0.9863876570334188,
        0.057356000184313458,
        0.15410930956622848,
        0,
        -0.15412019639419366,
        -0.0042602875544177632,
